1 -> ,17,20,22,23,25,26,27,28,30,33,34,35,39,40,42,43,44,46,47,48,50,52,53,55,56,59,60,61,62,63,65,66,67,68,70,71,72,73,74,75,76,77,78,79,80,81,82,83,84,85,86,87,89,90,91,92,93,94,95,96,97,99,100,101,102,103,104,105,106,107,108,109,110,111,112,113,114,115,116,117,122,123,124,125,126,127,128,129,130,132,133,134,135,138,141,142,143,144,145,146,147,148,150,152,153,156,157,159,160,161,162,163,165
17 -> ,42,43,44,45,46,47,48,49,50,51,52,53,55,56,57,58,59,60,62,65,67,68,70,71,74,75,77,78,79,80,82,83,84,85,86,87,88,89,90,93,94,95,97,98,99,100,101,102,104,105,106,107,108,109,110,111,113,114,115,116,118,119,120,121,122,123,125,126,127,128,129,130,131,132,133,134,135,136,138,139,140,141,143,144,145,146,147,148,149,150,151,152,153,154,155,157,158,159,160,161,162,163,164,165
20 -> ,42,43,44,45,46,47,48,49,50,51,52,53,54,57,58,60,62,63,64,65,67,68,69,70,71,72,73,74,77,78,79,81,83,84,85,88,89,91,92,93,95,96,97,98,99,100,102,103,107,108,109,110,111,113,114,115,117,119,120,121,122,123,124,125,126,129,130,131,132,133,134,136,137,138,139,140,141,142,144,145,146,148,149,150,151,152,153,154,155,156,157,159,160,161,162,163,164
22 -> ,42,43,44,46,47,48,49,50,51,52,55,56,57,58,59,61,62,63,64,65,68,70,72,73,74,75,76,77,78,79,80,81,82,83,84,85,86,87,88,89,90,91,92,93,96,97,101,102,103,104,105,106,107,108,109,111,112,113,114,115,117,119,120,121,122,123,124,125,127,129,130,131,132,135,136,137,138,139,140,141,142,144,146,147,149,151,153,154,156,157,158,159,160,162,163,164,165
23 -> ,42,43,47,48,50,52,53,54,55,57,58,59,61,62,63,64,66,67,68,69,70,71,72,73,74,75,77,79,80,81,82,83,86,87,88,89,91,92,94,95,96,97,98,99,101,102,103,104,105,107,108,109,110,113,114,115,116,117,118,119,120,122,124,126,127,128,130,131,132,133,134,135,136,137,138,139,140,141,142,143,144,145,147,148,149,150,151,152,154,155,156,157,158,160,162,163,164,165
25 -> ,42,43,44,45,47,48,49,51,52,53,54,55,56,57,58,61,63,64,65,68,69,71,72,73,74,75,76,77,79,80,82,83,85,86,87,88,89,90,91,92,93,94,96,97,98,99,101,102,105,106,107,108,110,111,112,113,115,116,117,119,120,121,123,124,127,128,132,133,134,135,136,137,139,140,141,142,143,148,149,150,151,152,155,158,159,161,163,164,165
26 -> ,42,43,45,46,47,48,50,51,52,53,54,55,56,57,58,61,62,63,66,67,68,69,70,71,72,73,74,77,79,80,82,83,84,85,86,87,88,89,91,93,94,95,96,97,98,99,100,101,102,103,104,105,106,107,108,109,110,111,112,113,114,115,116,118,119,120,122,123,126,127,128,130,131,132,133,134,135,136,137,139,140,141,142,143,144,145,146,148,150,151,152,153,154,155,156,157,158,159,161,163,164,165
27 -> ,42,43,45,47,48,49,51,52,53,54,55,57,58,59,60,61,62,64,65,66,67,68,70,71,72,73,75,77,78,79,80,81,83,85,86,87,89,91,92,94,96,97,99,100,101,103,105,106,107,108,109,110,111,112,113,114,115,117,118,119,120,121,122,123,124,125,126,128,129,130,131,134,135,136,137,138,139,141,142,143,145,146,147,148,149,150,152,158,159,161,162,163,164
28 -> ,42,45,47,48,49,51,52,53,54,55,56,58,59,61,62,63,64,66,67,68,70,71,72,73,74,75,76,78,79,80,81,82,83,84,85,86,88,89,91,92,93,94,96,99,101,102,105,106,107,108,109,110,111,113,114,115,116,117,118,120,121,122,123,124,126,128,129,131,132,133,134,136,137,138,139,140,142,143,145,146,147,149,150,151,152,154,157,158,161,164,165
30 -> ,42,43,44,45,46,47,48,49,50,51,52,53,54,55,58,59,60,65,66,67,72,73,74,75,76,78,79,81,82,84,85,86,89,93,94,95,96,97,98,100,101,103,104,105,106,107,108,109,110,111,112,113,116,118,120,123,124,125,127,128,129,130,131,132,133,134,136,137,138,139,140,141,142,143,144,145,146,148,149,150,153,154,155,156,157,160,161,162,163,164,165
33 -> ,42,43,45,46,47,48,51,53,54,55,57,58,59,60,62,63,64,65,66,68,69,70,73,75,76,77,78,79,80,81,82,83,84,85,88,90,92,93,94,95,97,98,101,103,104,105,106,107,108,109,110,111,112,114,116,117,118,121,122,123,124,125,126,127,128,129,130,131,133,134,135,136,137,138,139,140,141,142,143,144,145,146,147,148,149,154,155,156,157,158,159,160,161,162,163,165
34 -> ,42,43,44,45,46,47,48,50,51,52,53,54,55,56,58,59,62,65,66,70,71,72,73,75,76,77,78,80,83,84,85,87,88,90,92,93,94,95,96,97,98,99,100,102,103,105,106,108,109,110,111,112,113,114,116,118,119,121,124,125,127,128,129,130,131,132,133,134,136,137,138,140,141,142,144,146,147,148,149,150,151,152,153,155,156,157,158,159,160,161,162,165
35 -> ,42,43,44,46,47,48,49,50,51,52,54,56,58,60,61,62,63,65,66,67,68,70,71,73,74,75,76,77,79,80,81,82,84,85,86,87,88,89,90,92,93,94,96,97,98,99,100,101,102,103,104,105,107,109,110,111,112,113,115,117,118,121,122,123,124,125,126,127,128,129,131,132,133,134,135,136,137,138,139,140,142,143,144,145,146,147,148,149,151,153,154,155,157,158,159,160,161,162,163,164,165
39 -> ,42,43,46,47,49,50,51,52,53,54,55,56,57,59,61,62,63,64,66,69,70,71,73,74,75,76,78,79,80,81,82,85,87,88,89,90,91,92,93,94,95,96,97,98,99,101,102,105,106,107,108,109,111,113,114,115,116,117,119,120,121,122,123,125,126,127,128,130,131,132,133,134,135,137,138,140,142,143,144,145,147,149,150,151,152,153,154,155,156,157,158,159,160,161,163,164,165
40 -> ,42,45,47,48,49,50,51,52,53,54,56,59,61,62,64,65,67,68,69,70,71,72,73,74,75,76,77,79,80,82,84,85,87,89,91,92,93,94,96,97,98,99,101,103,105,106,108,109,110,112,113,114,115,117,119,120,121,122,125,128,130,131,132,133,134,136,138,139,140,141,142,144,145,146,147,148,149,151,153,154,155,156,158,159,160,161,163
2 -> ,17,18,19,20,21,23,24,25,27,28,30,31,32,33,34,35,36,37,39,41,42,43,44,45,46,47,48,49,50,51,52,53,54,55,56,57,58,59,60,61,62,63,64,65,67,68,69,70,73,74,75,76,77,78,79,81,83,85,87,88,90,92,93,95,97,98,100,103,104,105,106,107,109,110,111,112,115,117,118,121,123,125,126,127,129,131,132,133,136,137,140,141,142,143,144,145,146,147,148,151,156,157,158,159,160,161,164,165
18 -> ,42,43,44,45,46,47,48,49,51,53,54,55,56,57,58,60,61,62,63,64,65,66,67,69,70,71,72,74,75,76,77,78,79,80,81,84,85,86,87,88,91,92,93,95,97,99,100,101,103,104,105,106,107,108,112,113,114,116,117,118,119,120,121,122,123,124,125,126,127,129,131,132,133,134,135,136,138,139,140,141,142,143,145,146,148,149,150,151,152,153,154,155,156,157,159,161,162,163,164,165
19 -> ,42,44,45,46,47,49,50,51,56,57,59,60,61,62,63,65,66,67,68,69,70,71,72,73,74,76,77,78,79,80,81,82,83,84,85,86,87,88,89,90,91,93,94,96,97,99,101,102,103,105,106,107,109,110,111,112,113,114,115,116,117,118,121,122,123,124,125,126,127,128,129,130,131,132,133,134,135,136,137,138,139,140,143,144,145,146,147,148,149,150,151,152,158,159,160,162,165
21 -> ,42,43,44,45,46,48,49,50,51,53,54,56,57,58,59,60,61,62,63,65,66,67,68,69,70,71,72,73,74,75,76,77,79,80,81,82,83,84,85,87,89,90,91,92,93,94,96,97,99,100,101,103,104,106,107,108,109,110,111,112,115,116,117,118,119,120,123,124,127,129,130,131,132,133,134,136,137,138,139,140,142,143,145,147,148,149,150,151,152,153,154,155,156,157,158,161,162,163,165
24 -> ,43,45,46,47,48,49,50,51,52,54,55,56,57,59,61,62,66,67,68,69,72,74,75,76,77,78,79,80,82,83,84,85,86,87,88,90,91,92,93,94,95,99,100,102,103,104,105,107,108,109,110,111,112,113,114,115,116,117,119,121,122,123,124,126,127,128,129,130,131,132,133,134,135,136,138,140,141,142,143,145,146,147,148,149,150,151,152,153,154,155,156,157,158,159,161,162,163,165
31 -> ,42,43,44,45,46,49,50,51,53,54,55,56,57,59,60,61,63,64,65,66,67,68,69,71,73,74,75,76,77,78,79,80,81,83,84,85,86,87,90,91,92,93,94,95,98,99,100,101,102,103,104,105,107,108,109,110,111,112,113,114,116,117,118,119,120,121,123,124,125,126,127,129,130,131,134,135,136,139,140,141,142,144,145,147,148,149,151,152,153,156,158,159,160,161,162,163,165
32 -> ,43,44,45,47,49,50,51,52,55,56,59,60,61,62,63,64,66,67,68,69,70,72,73,74,75,76,77,78,80,82,83,84,85,86,87,88,89,90,91,92,93,95,96,97,98,99,101,102,104,105,106,107,109,111,112,113,114,115,116,118,120,121,122,123,125,126,127,128,129,130,131,133,134,135,136,137,138,139,140,142,143,144,145,148,149,150,151,152,153,154,155,156,158,159,160,161,162,163,164,165
36 -> ,42,44,45,47,48,49,50,51,52,53,54,55,56,57,58,59,60,62,63,64,65,66,67,69,71,72,74,75,77,78,79,81,82,83,84,85,89,91,93,94,95,96,97,98,99,100,101,102,103,104,105,106,107,108,109,110,111,113,114,115,116,117,120,121,122,124,127,134,135,136,137,138,139,141,142,144,146,147,148,149,150,151,152,153,154,155,156,157,158,159,161,162,163,164,165
37 -> ,42,43,47,48,49,52,53,54,55,56,57,58,59,60,63,64,67,68,69,70,72,73,74,75,76,77,79,80,82,83,84,85,86,87,88,91,92,93,94,95,97,98,100,103,104,106,107,108,109,111,112,114,115,116,118,119,120,121,122,123,124,126,127,128,133,134,136,137,138,139,140,141,143,144,146,147,148,149,151,152,153,154,155,156,157,158,159,160,161,162,163,164
41 -> ,42,44,45,46,47,51,52,53,54,55,56,57,59,60,61,62,63,64,65,66,67,68,69,70,71,73,74,76,78,79,80,81,83,84,85,86,88,89,90,91,92,93,94,96,97,98,99,100,101,102,103,107,108,109,110,112,113,114,115,116,119,121,122,123,124,125,127,128,129,130,131,134,135,136,138,139,140,141,143,144,147,149,150,151,152,153,154,155,156,157,159,160,161,162,163,164,165
3 -> ,17,18,19,20,21,22,24,26,27,28,29,30,31,32,33,34,35,36,37,38,40,41,42,43,44,45,46,47,48,49,50,51,52,55,56,59,60,61,62,63,65,68,69,70,71,72,73,74,76,77,78,80,81,84,86,87,88,90,92,93,94,95,96,100,101,102,103,104,105,107,108,109,111,112,113,116,117,118,122,123,124,125,126,127,128,130,131,134,135,136,139,142,143,144,146,147,148,149,150,151,152,153,154,155,156,157,158,159,160,161,163,164,165
29 -> ,43,44,45,46,47,48,49,50,51,52,53,54,55,56,58,60,61,62,63,64,67,68,69,70,71,72,75,77,78,79,80,81,83,84,85,86,87,89,90,91,92,94,95,97,99,100,101,103,104,105,107,108,109,110,111,112,113,114,116,117,118,119,120,121,122,125,126,128,129,130,131,132,133,135,136,138,139,140,141,142,144,145,146,147,149,150,151,152,153,154,155,156,158,159,160,162,163,164,165
38 -> ,42,43,45,46,47,48,49,50,51,52,53,54,55,56,57,58,59,61,62,64,65,66,68,70,71,72,73,75,76,78,80,81,82,83,84,86,87,88,89,90,91,92,93,95,96,99,100,101,102,105,108,109,110,111,112,113,114,115,116,117,118,119,120,122,123,124,126,127,128,129,130,133,134,136,137,139,140,142,144,145,148,149,150,151,152,153,154,155,156,157,159,160,163,164,165
4 -> ,17,18,20,21,22,23,24,25,26,27,28,30,32,33,34,36,38,39,40,41,43,44,45,47,51,52,53,54,55,56,57,59,60,61,62,63,64,67,68,69,70,72,73,74,76,77,78,79,81,83,84,85,86,88,89,90,91,92,96,98,99,100,101,103,104,105,106,108,109,110,111,112,113,114,115,116,117,119,121,122,123,125,126,127,129,132,134,135,136,137,138,139,140,142,144,146,149,150,151,157,159,160,161,162,164,165
5 -> ,17,19,21,22,25,27,28,29,32,35,36,37,39,40,43,44,45,47,48,49,50,52,53,54,56,59,60,62,63,64,66,69,72,73,75,76,78,79,81,82,83,84,85,86,88,90,91,92,93,95,97,98,99,100,102,103,104,105,106,107,108,109,110,111,112,113,114,115,116,117,118,120,121,122,123,126,128,129,130,131,133,134,135,136,137,138,139,141,142,144,145,146,147,148,149,150,151,152,153,154,155,156,157,158,160,161,162,164,165
6 -> ,17,18,20,21,22,23,24,25,26,31,33,34,35,36,37,39,41,42,43,44,45,46,47,48,49,50,51,52,53,54,55,56,57,58,59,60,61,62,64,68,69,70,71,72,73,74,75,76,78,79,80,81,83,84,85,86,87,88,89,90,91,92,95,96,97,98,99,101,102,103,104,105,107,108,110,111,113,114,115,116,118,119,120,121,123,124,125,126,127,128,129,132,133,134,136,138,139,140,141,142,143,146,147,149,150,151,153,154,155,156,157,158,160,161,162,163,164,165
7 -> ,17,18,19,20,21,23,24,25,26,27,28,31,32,33,34,36,37,38,39,40,42,43,45,47,48,50,51,52,53,54,55,56,57,58,60,61,63,64,65,66,68,70,71,72,74,75,76,77,79,80,81,82,84,86,89,90,91,92,94,95,98,99,100,101,103,105,106,107,109,110,111,112,114,115,116,118,119,123,124,125,128,129,130,131,132,133,134,136,137,139,140,141,144,145,146,147,150,151,153,154,158,159,160,161,162,163,164,165
8 -> ,18,19,21,22,23,24,25,26,27,28,29,31,32,33,35,37,38,39,40,41,43,44,45,46,47,48,49,50,51,52,53,54,55,57,60,62,63,65,66,69,70,71,72,73,74,75,76,79,81,82,83,84,85,86,87,88,89,90,91,93,94,95,96,97,98,99,100,102,103,104,105,106,107,108,109,110,111,112,113,116,117,119,120,121,122,124,125,127,129,130,131,132,133,134,136,138,139,141,142,143,144,145,150,151,152,153,155,157,159,160,161,162,163,164
9 -> ,17,19,20,21,22,23,24,27,28,29,30,33,34,36,37,38,42,43,44,45,47,48,49,51,52,53,54,56,57,60,61,63,64,65,69,71,72,73,74,75,76,77,78,79,80,81,82,83,84,86,87,88,89,90,94,95,96,97,98,99,100,102,103,104,105,106,107,108,109,110,111,112,113,115,116,117,118,120,122,123,124,126,127,130,133,134,135,136,138,141,144,145,146,147,149,151,152,153,154,155,156,157,159,160,163,164
10 -> ,17,18,19,20,21,22,23,24,27,29,30,31,32,33,34,35,36,37,39,40,41,42,43,44,45,46,48,49,50,51,52,53,54,56,57,58,59,60,61,62,63,65,67,68,69,70,71,73,74,75,77,78,80,81,82,83,84,85,86,87,88,89,90,91,93,94,95,96,98,99,100,101,103,104,107,109,110,111,112,113,114,115,116,117,122,123,124,125,126,127,128,129,130,131,132,133,134,136,137,139,142,143,144,145,146,147,148,149,150,151,152,153,154,155,156,157,159,160,163,165
11 -> ,17,18,19,20,21,22,23,27,28,29,31,32,34,35,36,37,38,39,41,42,43,45,47,48,50,52,55,56,57,58,59,60,62,63,64,65,66,68,69,71,72,73,74,75,76,79,80,81,83,85,86,87,88,89,90,91,92,93,95,96,97,99,101,104,105,106,107,108,109,110,111,112,113,114,115,116,120,121,123,126,127,128,129,130,131,133,134,136,137,138,139,141,142,143,145,146,147,148,149,150,151,152,155,156,157,159,161,164,165
12 -> ,17,24,25,26,27,28,29,30,32,34,36,37,38,39,40,42,44,45,46,47,48,50,51,52,53,55,56,58,59,63,64,66,67,68,69,70,71,72,73,74,75,76,77,79,80,81,82,84,85,86,89,91,92,93,94,95,96,97,98,101,102,103,104,105,107,108,109,110,111,112,113,114,115,116,117,118,119,120,123,124,125,126,128,129,131,132,133,134,135,136,137,139,140,141,142,143,144,145,146,147,149,150,151,153,154,155,156,157,158,159,160,161,162,163,164,165
13 -> ,18,21,22,23,26,29,30,32,33,34,35,36,37,39,40,43,44,45,47,49,50,52,53,54,55,56,58,61,62,64,65,67,68,69,71,74,75,76,77,78,80,81,83,85,86,87,88,89,90,92,93,94,95,98,99,101,103,104,106,107,108,110,111,112,114,117,118,119,120,121,122,123,124,126,127,128,129,130,131,134,135,136,137,138,139,140,142,143,144,146,147,148,149,153,154,156,157,158,159,160,161,163,164,165
14 -> ,17,18,19,20,21,24,25,26,28,30,31,32,33,34,35,36,39,41,42,43,46,47,48,49,51,52,53,54,55,56,58,59,60,61,62,64,65,66,68,69,70,71,73,74,75,76,77,78,79,80,81,83,84,85,86,88,89,90,91,92,93,94,95,96,97,98,100,101,103,104,105,106,107,108,109,110,112,113,114,115,116,117,118,119,121,123,124,126,127,128,129,130,131,133,134,135,136,138,139,140,141,143,144,147,148,149,153,155,158,159,160,161,162,163,164,165
15 -> ,18,19,20,21,22,23,24,25,28,30,31,32,33,34,35,36,38,40,41,42,44,45,46,49,50,51,52,53,54,56,57,58,59,60,62,63,64,65,66,67,69,70,71,73,74,75,76,77,78,79,80,81,84,85,86,87,88,89,91,92,95,98,99,100,103,104,105,106,107,108,109,110,113,114,115,116,118,119,120,122,123,125,126,127,129,130,131,132,134,137,138,139,141,142,145,146,148,149,151,154,155,157,159,161,162,163,164,165
16 -> ,17,18,19,20,21,22,23,24,26,27,28,29,31,32,33,35,36,37,38,39,40,42,43,45,46,48,49,52,54,55,56,57,58,59,60,61,62,63,64,68,69,70,73,74,75,76,78,79,80,81,82,83,84,85,86,87,88,90,91,92,93,95,97,99,100,101,103,105,108,110,111,112,113,114,115,116,117,119,120,121,122,123,125,126,127,128,129,130,131,132,133,134,135,137,139,140,142,143,144,146,147,148,149,150,151,152,153,154,155,156,159,160,161,163
42 -> ,54,55,56,58,59,61,62,63,64,65,66,68,70,71,72,73,74,75,76,77,78,79,80,81,82,83,85,86,92,94,95,96,97,99,100,102,103,104,105,106,109,112,113,114,115,116,117,119,122,123,125,126,127,130,131,133,134,135,137,139,141,142,143,144,145,146,147,148,149,150,152,154,155,156,157,159,161,162,163,164,165
43 -> ,53,54,55,56,57,58,59,61,62,63,64,65,67,68,69,70,71,72,73,74,75,76,77,78,79,80,81,82,83,84,86,87,88,90,91,92,93,94,95,96,98,101,102,104,105,107,108,109,110,111,113,114,115,116,117,118,119,120,121,122,123,124,125,127,129,130,131,132,133,134,135,137,138,139,141,142,143,144,146,149,150,152,153,154,155,156,157,159,160,161,162,163,164,165
44 -> ,53,56,59,61,63,65,67,68,69,70,71,72,73,74,75,76,77,78,80,82,83,84,85,88,89,90,91,94,95,96,97,99,100,102,104,105,107,110,111,115,117,118,121,122,124,125,126,129,130,132,133,134,137,139,143,144,145,147,149,150,152,153,154,155,156,157,158,161,162,163,164,165
46 -> ,53,54,55,57,58,60,62,63,64,65,67,68,69,70,71,74,75,76,77,78,79,80,81,82,83,84,87,88,89,90,91,92,93,94,95,96,97,99,100,101,102,103,104,105,106,107,108,109,110,111,112,113,114,115,118,119,121,122,124,125,126,127,128,130,131,132,136,137,138,139,140,141,142,143,144,148,149,152,153,154,155,157,158,161,162,164,165
47 -> ,54,55,57,60,61,62,63,64,65,66,68,69,70,73,75,76,78,81,82,83,84,86,88,91,92,93,94,95,96,97,100,101,102,103,104,105,108,110,111,112,113,114,115,116,117,119,120,121,125,126,127,128,129,131,133,135,136,137,138,139,140,142,143,145,147,148,149,150,151,152,154,155,156,158,159,162,163,164,165
48 -> ,53,54,55,57,58,61,62,64,65,66,67,68,69,70,71,72,73,74,75,76,77,78,79,82,83,85,89,90,92,93,94,96,97,98,99,100,101,102,103,104,105,106,108,109,111,112,113,114,115,116,117,120,121,122,125,126,127,128,129,130,131,133,134,135,136,137,138,142,143,145,146,147,148,149,150,151,153,154,155,156,157,158,159,160,161,163,164,165
50 -> ,54,55,56,57,58,59,62,63,64,65,67,68,69,70,71,72,74,75,76,77,78,79,80,82,83,84,85,86,87,88,90,93,94,97,98,100,101,102,105,106,110,111,112,113,114,115,116,117,118,119,122,123,125,127,128,129,131,133,134,137,138,139,141,144,146,147,148,149,150,151,152,153,154,155,158,159,160,161,162,163,164,165
52 -> ,53,54,57,58,59,60,61,62,63,65,66,67,69,70,71,73,76,77,78,79,80,81,83,85,88,89,90,91,92,93,94,95,96,97,98,100,101,102,105,106,107,108,110,111,112,113,117,118,119,120,123,124,125,126,127,128,129,131,132,133,135,136,137,138,139,141,142,143,144,145,146,147,148,149,150,151,152,153,154,155,156,157,159,160,161,162,163,164,165
45 -> ,53,54,55,56,57,58,59,60,61,63,65,66,67,68,70,72,74,75,76,77,78,79,82,83,85,91,93,94,95,96,97,98,100,101,102,103,104,105,106,107,108,110,112,113,114,115,117,118,119,120,121,122,123,124,126,127,128,129,130,131,133,134,135,136,137,138,139,140,141,142,144,145,146,147,148,150,151,152,153,154,155,156,160,161,163,165
49 -> ,53,56,58,59,60,61,62,63,65,66,67,68,69,70,71,72,73,74,75,76,78,79,80,81,82,83,84,85,86,87,89,90,92,94,95,96,97,98,100,101,102,104,107,108,109,110,112,113,114,116,119,120,124,126,127,129,130,131,132,133,134,135,137,138,139,140,142,143,147,148,151,153,154,155,156,157,158,159,161,162,163,164,165
51 -> ,53,54,55,56,57,58,59,60,61,62,64,65,66,67,68,69,70,71,72,73,74,75,76,77,78,80,81,82,85,88,90,91,92,95,96,97,98,100,101,103,105,107,108,109,110,111,112,113,114,115,116,117,118,119,120,122,125,126,127,128,129,130,131,132,133,136,137,139,140,142,143,144,145,147,148,149,150,151,154,155,156,157,158,159,160,161,162,163,164,165
53 -> ,58,59,60,62,63,64,65,66,67,69,71,72,73,74,75,76,78,80,81,82,83,84,85,87,88,90,92,93,94,95,96,97,98,99,100,101,102,103,104,106,107,109,110,111,113,114,115,119,120,121,123,124,126,128,130,131,132,133,134,135,136,137,138,139,140,141,143,144,146,147,148,149,150,151,152,153,154,155,156,157,159,160,161,162,163,164
55 -> ,59,60,61,62,64,65,66,68,70,72,73,74,79,81,82,83,84,85,87,88,89,91,92,94,95,96,97,98,99,100,102,103,104,106,108,109,110,111,113,114,117,118,120,121,122,123,124,126,129,130,131,133,134,136,137,138,142,144,145,146,148,149,151,152,153,154,156,157,158,159,160,161,162,163,164,165
56 -> ,58,60,62,63,64,65,66,67,68,69,70,71,72,73,74,77,78,79,81,83,84,86,87,88,90,91,92,93,94,98,99,102,103,106,107,108,109,110,112,113,114,115,118,119,121,122,123,125,126,127,128,129,130,131,132,135,140,142,144,146,147,149,151,152,153,154,155,156,157,158,159,160,161,163,164,165
54 -> ,58,59,60,61,63,64,65,67,69,70,73,74,75,76,77,78,79,80,82,83,84,85,86,88,89,90,92,93,94,95,98,99,101,103,104,105,106,108,109,110,112,113,114,116,118,119,120,122,123,124,125,126,128,129,131,132,134,135,136,138,139,140,141,142,143,144,145,146,147,148,149,150,153,156,157,158,159,160,161,162,163,164,165
57 -> ,58,59,61,62,63,64,65,66,67,68,69,70,71,72,73,74,75,76,77,78,79,81,82,83,86,87,88,89,91,92,95,96,98,99,100,101,102,106,107,109,110,111,112,113,114,115,117,118,120,121,122,123,124,126,127,129,131,133,134,135,137,138,140,141,143,144,145,146,149,150,152,153,154,156,157,158,161,162,163,165
59 -> ,68,69,70,72,73,74,76,78,79,80,81,82,83,86,87,88,89,90,91,92,97,98,99,100,101,103,104,105,106,107,108,109,110,111,112,113,114,116,117,119,120,121,123,124,125,126,128,129,130,131,133,134,135,136,138,139,140,141,144,145,146,147,148,150,151,152,153,154,155,156,159,161,162,163,165
60 -> ,66,67,70,72,73,74,75,79,81,82,84,85,86,89,91,93,94,95,96,97,98,99,100,101,102,103,105,106,108,109,110,111,112,113,114,120,121,122,123,125,126,127,128,129,130,132,133,134,135,136,137,138,139,140,142,143,144,145,148,149,151,152,153,154,155,156,157,158,159,160,161,162,163,164,165
61 -> ,66,69,70,71,72,73,74,77,78,79,80,81,84,85,86,87,89,90,91,92,93,94,95,98,100,101,102,103,104,105,106,107,108,109,110,111,112,113,114,115,116,119,121,122,123,124,126,127,128,129,130,132,133,134,135,136,137,138,140,141,142,144,145,148,149,151,152,153,156,159,160,161,162,163,164
62 -> ,68,69,70,71,72,74,76,79,80,82,83,84,85,86,87,88,89,90,92,93,95,99,100,101,102,103,104,106,108,109,110,112,113,115,116,117,118,122,123,124,125,126,127,129,130,132,134,135,136,140,141,144,146,147,148,151,152,153,154,155,157,158,159,162,163,164
63 -> ,66,67,68,69,73,75,77,78,79,80,82,84,85,86,87,89,90,91,93,94,95,96,97,98,99,100,101,102,103,104,105,106,108,109,112,114,115,116,117,118,121,122,123,124,125,126,127,130,131,135,138,140,141,142,143,144,146,147,148,149,150,152,153,155,156,158,159,160,161,163,164
65 -> ,66,68,69,71,72,73,74,75,76,77,78,79,80,81,82,83,85,86,87,88,89,90,92,93,94,95,96,98,100,104,105,107,108,109,110,112,113,114,115,116,117,118,119,123,124,125,126,127,128,129,130,131,132,133,134,136,137,138,139,141,143,144,145,146,148,149,150,152,153,154,155,157,158,159,160,162,163,165
58 -> ,66,69,70,71,72,73,74,75,76,77,79,80,81,83,84,85,86,88,89,90,91,92,93,94,95,96,97,98,100,101,102,103,104,105,106,107,108,110,111,112,113,114,115,116,118,119,120,121,122,123,125,126,128,131,132,133,134,136,138,139,140,141,142,145,147,150,151,152,153,154,155,156,157,158,159,161,163,165
64 -> ,66,67,68,69,73,74,75,76,77,78,79,81,82,83,84,86,87,89,90,91,92,93,95,97,98,101,102,103,104,105,106,107,108,109,110,111,112,113,114,115,116,117,118,120,121,123,124,125,126,127,128,129,131,133,134,135,136,137,138,139,140,141,142,145,146,147,148,153,155,156,157,161,162,163,164
66 -> ,78,80,81,82,83,84,86,87,88,91,93,95,96,97,98,99,100,101,102,103,104,105,107,109,110,112,113,114,115,116,117,119,120,121,122,123,124,125,128,130,131,133,134,135,136,139,140,141,143,144,145,146,147,148,149,152,153,154,155,156,157,158,160,161,162,163,164,165
67 -> ,78,79,80,81,82,83,87,88,89,90,91,92,96,97,99,100,102,103,104,105,106,108,111,112,113,115,116,119,120,121,122,123,124,125,129,130,133,134,135,136,138,141,142,143,145,146,147,148,150,151,152,153,157,160,161,162,164
68 -> ,78,79,80,81,82,84,85,86,87,88,93,94,95,96,97,99,101,102,103,104,105,108,109,110,111,112,113,116,119,120,121,122,124,125,127,128,129,131,132,133,134,135,136,138,139,140,141,143,144,147,148,149,150,151,152,153,154,155,157,159,160,161,162,164,165
70 -> ,78,79,80,82,83,84,85,86,87,88,89,90,91,93,94,95,96,97,98,99,100,101,102,103,104,105,106,107,108,109,110,111,114,115,116,118,120,121,122,124,125,127,128,130,131,132,133,134,135,136,137,138,140,142,143,144,145,146,147,148,152,153,155,156,157,158,159,160,161,162,163
71 -> ,78,80,81,82,83,86,87,88,89,92,93,94,95,96,97,98,99,103,104,106,107,108,109,110,111,112,113,114,115,117,120,121,122,125,126,127,128,129,130,131,132,133,134,135,141,142,144,145,146,147,148,149,150,151,153,154,155,156,157,158,160,164,165
72 -> ,79,81,86,87,88,89,91,92,93,94,97,100,101,102,103,104,105,106,107,108,109,110,111,112,113,114,116,117,118,119,121,122,124,125,126,127,128,129,130,132,134,136,139,141,142,143,144,145,148,149,150,151,152,153,154,155,156,157,158,159,160,163,165
73 -> ,78,80,81,82,83,84,85,86,87,88,91,92,95,96,97,99,100,102,105,107,108,109,110,111,112,113,114,116,117,118,119,120,121,122,124,127,128,129,131,132,133,135,136,137,138,139,140,142,145,146,147,148,149,150,151,153,154,155,156,160,161,162,163,164
74 -> ,78,79,80,81,82,83,84,85,86,87,88,89,91,92,93,94,95,96,97,98,99,101,102,103,104,105,106,108,109,111,112,113,114,115,116,118,119,120,121,123,124,125,127,128,129,132,133,134,135,136,137,139,140,141,142,143,144,145,146,147,148,149,150,151,152,154,155,157,159,160,162,163,164,165
75 -> ,78,79,80,81,82,83,84,85,87,88,90,91,92,93,94,95,96,97,98,99,100,101,102,104,106,107,109,111,112,113,114,115,116,121,122,124,127,128,129,130,131,132,134,135,138,139,140,141,142,146,148,149,150,151,152,153,154,156,157,158,161,162,163,164,165
76 -> ,80,81,82,83,84,86,87,88,89,90,92,93,94,95,96,97,98,99,100,102,103,104,107,108,109,111,112,113,114,115,116,117,118,119,120,122,123,127,129,130,131,132,133,134,135,139,140,141,143,144,145,148,149,150,151,152,153,155,157,158,161,162,164
77 -> ,78,79,80,81,82,83,84,88,89,90,91,92,93,94,95,96,97,100,103,104,105,107,108,109,110,112,114,115,116,117,118,119,121,122,124,125,126,127,128,129,131,132,133,134,135,136,137,138,139,140,141,142,147,148,149,150,151,153,154,155,156,157,158,159,160,162,163,165
69 -> ,78,79,80,81,82,83,84,87,88,90,91,92,93,94,95,97,99,100,101,102,103,104,106,107,108,109,110,111,112,113,114,115,116,117,119,120,121,122,123,124,125,126,127,128,129,132,135,136,137,138,142,144,145,146,147,152,155,156,158,159,160
78 -> ,84,85,87,88,89,90,91,94,96,98,102,104,105,106,108,109,110,111,112,113,115,116,117,118,119,120,121,122,123,124,125,128,129,130,131,132,134,136,137,138,140,141,142,144,145,146,147,148,149,150,151,152,153,154,158,159,161,162,164,165
79 -> ,84,85,86,89,90,91,92,93,94,95,96,97,98,99,103,106,107,110,113,114,115,116,117,118,120,121,122,123,127,129,130,131,133,134,136,139,140,142,143,144,145,149,151,152,153,154,155,156,157,158,159,160,161,162,164,165
80 -> ,84,86,88,89,90,92,93,94,96,97,98,99,100,101,102,103,105,106,107,108,114,115,117,118,119,120,121,122,123,125,126,127,128,131,132,134,136,137,138,139,142,143,145,146,147,148,149,154,156,157,160,161,162,164,165
81 -> ,87,88,89,90,91,92,95,96,99,100,103,104,106,108,109,110,111,112,114,115,116,117,119,120,122,123,125,126,127,128,129,130,132,133,134,136,137,138,139,143,144,145,146,147,148,149,150,151,153,154,155,156,157,158,159,160,161,164,165
82 -> ,85,86,88,90,91,92,93,94,95,96,97,98,99,101,103,106,107,108,110,111,113,114,116,118,120,122,124,125,126,128,129,130,132,133,134,135,136,137,138,139,140,141,144,145,146,150,153,154,158,159,160,161,162,165
83 -> ,84,85,86,87,88,89,91,92,93,94,95,98,99,100,103,104,105,106,107,108,109,111,112,115,116,117,118,119,120,121,122,123,124,125,126,128,129,130,131,133,136,137,138,140,141,142,143,144,146,147,149,150,151,152,154,155,156,159,161,162,163,164,165
84 -> ,109,112,113,116,117,120,121,123,126,127,128,129,130,132,133,134,135,137,138,140,141,143,144,146,147,149,153,154,156,157,158,159,160,162,163,164
85 -> ,108,109,110,112,113,114,117,118,123,124,125,126,127,129,130,131,132,133,135,137,140,141,142,143,144,145,146,147,148,149,151,152,153,154,155,157,158,159,160,161,162,165
86 -> ,108,110,111,113,114,115,118,119,121,123,124,126,127,128,129,130,132,134,135,136,137,139,143,145,146,147,149,151,152,153,154,155,156,157,159,162,163,164,165
87 -> ,109,111,112,114,116,117,118,119,120,127,129,130,133,134,135,137,138,139,140,141,142,144,145,146,148,149,150,151,153,154,155,156,157,158,159,160,163,165
89 -> ,108,109,110,111,112,113,114,115,117,118,119,120,125,126,127,128,130,132,133,134,135,136,137,139,140,141,142,143,144,145,146,147,148,149,150,151,152,154,155,156,157,158,159,160,161,162,164
90 -> ,109,110,111,112,113,114,115,116,117,118,120,122,124,125,128,129,132,133,135,138,139,141,142,143,144,145,146,148,150,152,153,154,155,156,157,159,160,161,162,163,164,165
91 -> ,108,109,110,112,113,114,115,116,117,118,119,120,121,122,123,124,125,126,127,130,132,133,135,136,137,138,139,142,143,144,146,147,148,149,151,152,153,154,155,156,157,158,160,161,163,164,165
92 -> ,110,111,112,113,114,115,116,118,122,124,125,126,127,129,130,131,132,133,134,135,136,137,138,139,140,143,144,145,146,147,149,150,151,152,153,154,155,157,158,159,160,161,162,163,164
93 -> ,108,109,110,111,112,113,114,115,116,117,119,120,121,122,123,124,125,128,129,130,132,133,134,136,137,138,139,140,141,142,143,144,145,146,147,148,149,151,152,153,154,155,156,157,158,162,163,164
94 -> ,108,109,110,111,112,113,114,117,118,119,120,121,123,124,125,129,130,131,132,133,134,135,136,137,139,140,141,142,143,144,145,146,147,151,152,154,156,161,162,165
95 -> ,108,109,110,111,112,114,115,116,117,118,119,120,121,122,124,125,126,127,128,129,130,131,133,134,136,138,139,140,141,142,143,145,146,147,149,150,151,152,153,155,156,157,159,160,161,163,164,165
96 -> ,108,110,111,114,116,118,119,121,124,128,130,131,133,134,135,136,137,139,140,141,142,143,144,145,146,147,148,150,152,153,154,155,156,157,159,160,161,162,164,165
97 -> ,108,109,110,111,112,113,114,115,117,118,119,121,122,123,126,127,128,129,130,131,132,133,134,135,137,138,139,140,141,142,143,144,145,146,147,150,151,152,153,154,155,156,157,159,160,161,162,165
99 -> ,112,113,114,115,116,117,118,120,123,125,127,128,129,130,131,135,136,137,138,139,141,143,146,147,149,150,151,152,153,154,155,157,158,159,160,163,165
100 -> ,108,109,110,111,112,113,114,115,116,117,118,119,120,121,122,123,124,127,128,129,130,132,133,134,135,136,138,139,142,144,145,146,147,149,150,151,152,154,155,156,157,158,159,160,161,163,164,165
101 -> ,109,110,112,113,114,115,117,118,119,121,123,125,126,127,128,129,130,133,135,136,138,139,141,142,143,144,145,146,147,148,149,150,151,152,154,155,156,157,158,159,160,161,162,163,165
102 -> ,108,109,110,112,113,115,116,118,119,120,122,124,125,126,127,131,132,133,134,135,136,137,138,139,140,141,143,144,145,146,148,149,150,151,152,153,155,156,157,158,161,162,163,165
103 -> ,109,110,111,113,114,116,117,118,119,123,124,125,127,128,129,130,131,132,133,134,135,138,139,140,141,142,143,144,147,149,151,152,153,154,157,158,159,160,162,163,164,165
104 -> ,109,110,112,113,115,116,117,118,121,124,126,129,130,131,132,133,134,137,139,140,141,142,143,144,145,146,150,151,152,153,154,155,157,158,159,163,164,165
105 -> ,108,109,111,112,113,114,118,121,122,123,125,126,127,128,129,130,131,132,133,134,136,138,139,142,143,144,146,147,148,149,150,152,153,154,155,156,158,162,163,164,165
106 -> ,108,112,113,114,115,116,117,118,120,121,122,123,124,125,127,129,130,132,133,134,135,136,137,139,140,141,142,144,145,146,147,148,150,151,152,155,156,157,160,161,163,164
107 -> ,108,109,110,112,113,114,115,117,118,119,121,122,123,124,125,126,128,130,131,132,133,135,136,137,139,141,142,143,144,145,146,147,148,150,152,153,154,155,157,160,162,163,165
88 -> ,108,109,110,112,113,114,116,117,119,120,121,122,123,124,126,127,128,130,131,132,134,135,136,137,138,139,140,142,143,144,146,147,148,149,150,152,153,156,157,159,160,161,162,163,164,165
98 -> ,108,109,110,114,115,116,118,119,120,121,122,123,124,125,126,127,129,131,132,134,135,136,138,139,140,141,142,145,146,148,153,154,155,157,158,159,160,161,162,163,164,165
108 -> ,126,128,129,131,132,133,135,136,137,139,140,141,143,145,146,149,150,151,152,155,156,158,159,160,161,162,164,165
109 -> ,126,127,129,130,132,133,134,135,137,138,140,141,144,146,147,148,149,150,151,152,153,154,155,156,158,159,160,161,162,163,164,165
110 -> ,126,128,129,130,131,132,133,134,136,137,138,139,140,142,143,145,146,151,153,154,155,156,157,159,160,162,165
111 -> ,126,127,128,129,130,131,132,133,134,135,136,137,138,141,142,144,145,147,148,149,150,154,155,156,157,158,159,160,161,162,164
112 -> ,126,127,128,129,130,131,133,134,135,136,137,140,141,143,144,146,147,148,149,150,151,152,153,155,156,157,158,159,160,162,165
113 -> ,127,128,130,131,132,133,134,135,136,137,138,140,141,142,143,144,145,146,147,148,149,150,151,152,153,154,155,157,158,159,160,163,164,165
114 -> ,128,129,130,131,132,133,135,136,137,138,141,142,143,144,146,148,150,151,152,153,154,158,160,161,162,163,165
115 -> ,127,128,130,132,134,135,136,137,138,139,140,142,143,145,147,149,150,152,153,154,157,160,161,162,163,165
116 -> ,126,127,128,129,131,132,134,135,136,137,139,140,141,142,143,147,149,150,151,152,154,156,159,160,161,162,163,165
117 -> ,126,127,128,129,130,131,132,133,134,135,137,138,139,141,143,144,145,147,148,150,151,152,154,156,157,159,160,161,162,163,165
122 -> ,126,127,128,130,131,134,135,136,137,138,139,140,141,142,143,147,149,150,151,152,153,155,157,158,159,160,161,162,163,165
123 -> ,127,128,132,133,135,136,137,138,139,140,141,142,143,144,147,148,150,152,153,154,155,156,157,159,162,164,165
124 -> ,127,128,129,130,132,133,134,135,136,137,138,139,142,143,145,146,147,148,150,151,152,153,154,155,156,157,158,159,161,162,163,164,165
125 -> ,126,128,129,131,132,133,134,135,136,137,138,139,140,142,144,145,146,148,149,151,152,153,154,156,157,160,162,163,164,165
118 -> ,126,127,129,130,131,134,135,136,137,138,139,140,142,143,144,145,146,147,149,150,151,152,153,155,157,158,160,161,164,165
121 -> ,126,128,129,130,131,132,133,134,135,136,138,139,141,143,144,147,148,149,151,152,154,155,156,157,158,159,160,162,163,164,165
119 -> ,126,127,128,129,130,132,134,135,136,137,139,140,142,143,145,147,149,150,151,153,154,155,156,157,158,160,162,163,164,165
120 -> ,126,127,129,130,131,132,133,135,136,137,139,140,141,142,143,144,145,146,147,150,151,152,153,154,155,157,158,159,160,161,162,163,165
126 -> ,150,151,152,153,154,156,157,158,159,160,161,162,163,165
127 -> ,151,152,155,156,157,158,159,160,161,163,164,165
128 -> ,150,151,152,153,154,155,156,157,158,159,160,161,162,164,165
129 -> ,150,151,152,153,154,155,157,159,160,162,163,164
130 -> ,151,152,153,154,159,160,161,163,164,165
132 -> ,150,152,153,154,155,157,158,159,160,162,164,165
133 -> ,150,151,152,153,154,155,156,157,158,160,161,162,163
134 -> ,150,151,152,154,155,156,157,158,159,160,161,162,164
135 -> ,151,153,156,157,159,161,162,163,164,165
138 -> ,150,151,153,154,155,158,159,161,162,163,164,165
141 -> ,151,152,153,154,155,156,157,158,159,160,161,163,164
142 -> ,151,154,155,156,157,158,159,161,163
143 -> ,152,153,154,155,156,159,160,161,162,163,164,165
144 -> ,150,151,152,154,155,157,158,160,161,162,164,165
145 -> ,150,151,152,153,154,155,158,159,160,162,163,164,165
146 -> ,151,152,153,154,155,157,159,161,164,165
147 -> ,150,152,153,157,158,159,160,163,164,165
148 -> ,153,155,156,157,158,160,162,163
131 -> ,151,153,155,156,157,158,159,160,163,165
136 -> ,150,151,152,155,156,157,158,160,162,163,164,165
137 -> ,150,151,153,154,156,158,160,161,164
140 -> ,150,151,152,153,157,159,160,161,162,164,165
139 -> ,151,152,153,154,155,156,157,158,159,161,162,163,164,165
149 -> ,150,151,153,155,157,159,160,162,163,164
150 -> 
152 -> 
153 -> 
156 -> 
157 -> 
159 -> 
160 -> 
161 -> 
162 -> 
163 -> 
165 -> 
151 -> 
158 -> 
164 -> 
154 -> 
155 -> 
